camera_matrix:
- [247.45433840522188, 0.0, 305.58277044007417]
- [0.0, 243.94773542217368, 267.47171133932534]
- [0.0, 0.0, 1.0]
dist_coeff:
- [0.16963372030067603, -0.2042508266058185, 0.0002260360173975162, -0.001029929258505708,
  0.053084867060057356]
